2
500 500
100
396 167
340 137
344 67
349 21
76 311
260 394
102 215
249 366
442 112
277 300
283 56
105 251
444 125
168 299
364 355
266 198
478 256
402 196
372 480
337 94
480 31
309 347
258 48
258 199
200 8
214 51
262 191
341 126
95 99
494 379
265 350
156 139
2 185
195 149
369 496
455 427
203 284
403 121
240 264
489 60
419 154
34 411
48 68
414 153
215 304
367 383
200 470
67 338
498 447
283 359
317 385
232 298
120 314
77 388
49 79
323 495
290 435
489 379
459 91
27 184
274 440
240 304
460 80
410 211
187 138
316 118
348 308
471 366
466 13
343 476
221 490
85 412
433 20
377 187
417 395
497 180
277 242
190 22
260 398
272 47
328 347
235 193
137 464
391 43
389 357
150 466
65 496
316 290
76 1
419 97
149 156
265 491
485 112
439 189
24 238
58 456
87 5
261 233
127 374
204 411
